# select substr(TS_DAY,1,4) || '-' || substr(TS_DAY,5,2) || '-' || substr(TS_DAY,7,2) as T, 
# DISCOUNTPASS, MONTHLYPASS, UPASS from PIVOT
######################################
2010-02-01,5511,11487,16333
2010-02-02,7001,13633,17159
2010-02-03,7216,14049,16812
2010-02-04,7431,14588,17122
2010-02-05,8227,14514,17727
2010-02-06,5009,8284,9437
2010-02-07,3498,6224,6400
2010-02-08,7603,14201,16337
2010-02-09,7645,14677,16463
2010-02-10,7657,14627,16289
2010-02-11,7652,14835,17324
2010-02-12,8153,14919,16882
2010-02-13,4743,8190,6768
2010-02-14,4089,6883,4926
2010-02-15,7234,14101,6902
2010-02-16,7584,14331,6975
2010-02-17,7614,14661,6933
2010-02-18,8121,14536,6860
2010-02-19,6869,14154,6669
2010-02-20,5100,8070,5555
2010-02-21,3749,6492,5735
2010-02-22,7173,14046,15226
2010-02-23,7387,14342,16595
2010-02-24,7517,14359,16075
2010-02-25,7565,14446,16984
2010-02-26,7690,14186,17195
2010-02-27,4459,7766,8571
2010-02-28,3855,6078,6149
2010-03-01,5088,10972,16093
2010-03-02,6401,13617,16904
2010-03-03,7122,13964,17048
2010-03-04,7032,14585,16413
2010-03-05,7686,14496,17992
2010-03-06,4783,8476,9100
2010-03-07,3524,6313,7694
2010-03-08,5826,13774,15240
2010-03-09,5580,14244,15425
2010-03-10,5804,14557,15811
2010-03-11,5701,14125,16133
2010-03-12,6228,14392,17542
2010-03-13,4545,8433,9086
2010-03-14,2993,6128,6162
2010-03-15,5810,13888,15298
2010-03-16,6191,14493,16517
2010-03-17,6611,14937,18279
2010-03-18,6114,14694,15557
2010-03-19,6572,14939,17759
2010-03-20,4679,8409,8641
2010-03-21,3214,6381,6722
2010-03-22,6934,14272,15339
2010-03-23,7079,14571,16220
2010-03-24,6944,14935,15980
2010-03-25,6675,14417,16639
2010-03-26,7432,14382,17220
2010-03-27,4505,8155,10026
2010-03-28,3136,6020,6697
2010-03-29,6347,13778,15778
2010-03-30,6665,14567,16085
2010-03-31,6778,14450,16561
2010-04-01,6028,12052,17544
2010-04-02,3226,5711,6002
2010-04-03,4072,7115,6080
2010-04-04,2847,5108,4580
2010-04-05,4074,7939,6489
2010-04-06,7105,13849,15863
2010-04-07,7308,14326,16023
2010-04-08,7655,14648,18064
2010-04-09,8010,14234,12520
2010-04-10,4702,8354,8234
2010-04-11,3451,6408,6156
2010-04-12,7313,14274,11491
2010-04-13,7703,14953,10761
2010-04-14,7636,14901,11592
2010-04-15,7448,14803,11293
2010-04-16,8283,14912,11793
2010-04-17,4703,8397,8466
2010-04-18,3765,6706,5874
2010-04-19,7331,14202,10861
2010-04-20,7752,14576,10856
2010-04-21,7300,14562,10967
2010-04-22,7860,14677,11198
2010-04-23,6413,14062,10930
2010-04-24,4488,8216,8352
2010-04-25,3333,6750,5317
2010-04-26,6931,13636,9861
2010-04-27,7284,14444,9608
2010-04-28,7519,14604,9485
2010-04-29,7398,14422,7917
2010-04-30,7681,14519,7190
2010-05-01,3414,7266,1083
2010-05-02,2809,5827,866
2010-05-03,5974,13375,3240
2010-05-04,6846,14980,4012
2010-05-05,7474,15830,4273
2010-05-06,7631,15975,4410
2010-05-07,8192,15996,4432
2010-05-08,5164,9529,2532
2010-05-09,3353,7167,1963
2010-05-10,7190,15252,5574
2010-05-11,7833,16268,5900
2010-05-12,7921,16101,6066
2010-05-13,8113,16207,6121
2010-05-14,8563,16315,5639
2010-05-15,5209,9772,2834
2010-05-16,3710,7321,2177
2010-05-17,7285,15262,5663
2010-05-18,7716,16077,6072
2010-05-19,7639,15701,5804
2010-05-20,7932,15938,5825
2010-05-21,6938,15011,5357
2010-05-22,4694,8782,2493
2010-05-23,3821,6904,2075
2010-05-24,3506,6698,2048
2010-05-25,7311,15254,5717
2010-05-26,7095,14943,5805
2010-05-27,7595,15439,5829
2010-05-28,7333,15146,5539
2010-05-29,4533,8788,2580
2010-05-30,3177,6600,2032
2010-05-31,7150,14816,5648
2010-06-01,6046,13419,5552
2010-06-02,7043,14691,5912
2010-06-03,7545,15221,5795
2010-06-04,8468,15844,5734
2010-06-05,5440,9679,2802
2010-06-06,3406,6912,2132
2010-06-07,7825,15497,5659
2010-06-08,8132,16011,5610
2010-06-09,7989,15872,5791
2010-06-10,8206,16048,5714
2010-06-11,8794,16480,5625
2010-06-12,5352,9938,2820
2010-06-13,3863,7426,2221
2010-06-14,7522,15392,5623
2010-06-15,8006,15857,5707
2010-06-16,7930,16084,5751
2010-06-17,7915,15778,5473
2010-06-18,8381,15944,5653
2010-06-19,5248,9391,2492
2010-06-20,3743,7392,1924
2010-06-21,6886,14894,5192
2010-06-22,7643,15772,5317
2010-06-23,7231,15796,5649
2010-06-24,7216,15727,5573
2010-06-25,7041,15345,5545
2010-06-26,4633,8999,2556
2010-06-27,3382,7082,1922
2010-06-28,6536,14266,4331
2010-06-29,6633,14826,4347
2010-06-30,5935,15353,4660
2010-07-01,3212,5904,2895
2010-07-02,5014,10628,3127
2010-07-03,4195,7567,2234
2010-07-04,3416,6452,2136
2010-07-05,6506,12833,5194
2010-07-06,7755,13954,5429
2010-07-07,7896,14309,5343
2010-07-08,7806,14495,5299
2010-07-09,8334,14185,5232
2010-07-10,5713,8817,2629
2010-07-11,4187,7330,2071
2010-07-12,7631,13672,5029
2010-07-13,7800,14427,5041
2010-07-14,8042,14544,5226
2010-07-15,8041,14501,5165
2010-07-16,8265,14099,4917
2010-07-17,5342,9023,2602
2010-07-18,4025,6778,2050
2010-07-19,7487,13286,4825
2010-07-20,7901,14046,5007
2010-07-21,7605,13989,5080
2010-07-22,7817,13945,4996
2010-07-23,8304,13784,4774
2010-07-24,5158,8641,2548
2010-07-25,4030,7183,2070
2010-07-26,6921,13175,4713
2010-07-27,7040,13728,4839
2010-07-28,7432,13877,4893
2010-07-29,7366,13908,4622
2010-07-30,7418,13477,4472
2010-07-31,5070,8169,2291
2010-08-01,2576,5143,1996
2010-08-02,2896,5380,1899
2010-08-03,5039,11309,4353
2010-08-04,5477,12541,4273
2010-08-05,5571,12925,4219
2010-08-06,5788,13275,4324
2010-08-07,3658,7532,2265
2010-08-08,3630,7251,2048
2010-08-09,5333,12963,4068
2010-08-10,5618,14118,4126
2010-08-11,5715,14186,4173
2010-08-12,5813,14256,4171
2010-08-13,5792,13803,3875
2010-08-14,4294,8800,2248
2010-08-15,3275,7307,1803
2010-08-16,5256,12949,3586
2010-08-17,5475,13647,3779
2010-08-18,5402,13488,3637
2010-08-19,5183,13263,3680
2010-08-20,5339,13132,3592
2010-08-21,3911,8777,1941
2010-08-22,3031,6696,1469
2010-08-23,4964,12376,2824
2010-08-24,5125,13199,3045
2010-08-25,5040,13013,3739
2010-08-26,5143,13371,4101
2010-08-27,5096,12763,4188
2010-08-28,3741,7741,2776
2010-08-29,2958,6143,2271
2010-08-30,4791,12389,4777
2010-08-31,4555,12048,5143
2010-09-01,3888,10073,4745
2010-09-02,4909,11130,5783
2010-09-03,5525,11491,6490
2010-09-04,4062,7169,5173
2010-09-05,3541,5597,5116
2010-09-06,3151,5256,5887
2010-09-07,7516,12883,12374
2010-09-08,7912,13420,18529
2010-09-09,8159,13674,20323
2010-09-10,8949,13591,21376
2010-09-11,5214,7904,11365
2010-09-12,3403,5736,7101
2010-09-13,8184,13449,19272
2010-09-14,8527,14164,19617
2010-09-15,8445,14137,19261
2010-09-16,8464,14083,19406
2010-09-17,9133,13964,21433
2010-09-18,5012,8004,10037
2010-09-19,4046,6430,7581
2010-09-20,6433,13171,18288
2010-09-21,8303,13802,19391
2010-09-22,8173,13916,18596
2010-09-23,8012,13639,18975
2010-09-24,8858,13777,20799
2010-09-25,5522,8198,11023
2010-09-26,3674,6211,7482
2010-09-27,7568,13117,18061
2010-09-28,8159,13866,18656
2010-09-29,8143,13990,18411
2010-09-30,8132,14072,18498
2010-10-01,6642,11792,20591
2010-10-02,4812,7739,10526
2010-10-03,3489,5945,6988
2010-10-04,7265,13370,17190
2010-10-05,7729,14319,18428
2010-10-06,8084,14601,18031
2010-10-07,8237,14700,18186
2010-10-08,8914,14382,18603
2010-10-09,4701,7659,6121
2010-10-10,3700,5735,4675
2010-10-11,3375,5643,6206
2010-10-12,8226,14598,17731
2010-10-13,8321,15107,17940
2010-10-14,8314,14628,17637
2010-10-15,9333,14924,20570
2010-10-16,5485,8498,11247
2010-10-17,4145,6610,7329
2010-10-18,7823,14208,17133
2010-10-19,8128,14785,18173
2010-10-20,8187,14507,17677
2010-10-21,8303,14640,18107
2010-10-22,7235,14287,19902
2010-10-23,5256,8356,10397
2010-10-24,3521,6052,7326
2010-10-25,6986,13400,17774
2010-10-26,8084,14261,18565
2010-10-27,8264,14588,18730
2010-10-28,8340,14480,19243
2010-10-29,8782,14574,22177
2010-10-30,5294,8520,11244
2010-10-31,4406,6714,8131
2010-11-01,5153,11025,17040
2010-11-02,7227,13582,18123
2010-11-03,7631,14204,17883
2010-11-04,8212,14504,18194
2010-11-05,8626,14339,20294
2010-11-06,5270,7993,9721
2010-11-07,4063,6654,7286
2010-11-08,8185,14226,16825
2010-11-09,8092,14675,18597
2010-11-10,9165,15232,10661
2010-11-11,4642,7109,5850
2010-11-12,8402,13936,8540
2010-11-13,5030,7671,7216
2010-11-14,3733,6385,6926
2010-11-15,8019,14260,16978
2010-11-16,8253,14830,17918
2010-11-17,8026,14556,17864
2010-11-18,8491,14920,17943
2010-11-19,8737,14661,19421
2010-11-20,4894,7949,10572
2010-11-21,3620,6202,7595
2010-11-22,5806,11750,15479
2010-11-23,7023,13850,19555
2010-11-24,7340,14071,19167
2010-11-25,6985,13592,19004
2010-11-26,7395,14163,20508
2010-11-27,4858,8214,10611
2010-11-28,3569,6101,7419
2010-11-29,7827,13702,16813
2010-11-30,7678,14152,17887
2010-12-01,5677,11593,18038
2010-12-02,7028,13152,18659
2010-12-03,7519,13657,19491
2010-12-04,4911,7943,9789
2010-12-05,3463,6040,6693
2010-12-06,7276,13493,13642
2010-12-07,7474,13821,12555
2010-12-08,6978,13185,12230
2010-12-09,7369,13749,13009
2010-12-10,7873,13861,13869
2010-12-11,4369,7792,9944
2010-12-12,3252,6168,6802
2010-12-13,7153,13214,12338
2010-12-14,6911,13330,11249
2010-12-15,7342,14027,11810
2010-12-16,7319,13762,10968
2010-12-17,7884,13487,10445
2010-12-18,4445,7758,7746
2010-12-19,3595,6322,4233
2010-12-20,5275,11828,5490
2010-12-21,5401,12159,4777
2010-12-22,5662,12223,4343
2010-12-23,4821,11316,3827
2010-12-24,3600,8837,2586
2010-12-25,1296,2358,607
2010-12-26,3737,407,2194
2010-12-27,4051,7001,2468
2010-12-28,4419,8161,2768
2010-12-29,4778,9818,3141
2010-12-30,4773,10111,3303
2010-12-31,3589,7724,2549
2011-01-01,1680,2855,1739
2011-01-02,2350,4298,2687
2011-01-03,3110,6097,4827
2011-01-04,6051,11451,10241
2011-01-05,6351,12675,17948
2011-01-06,6759,12877,18404
2011-01-07,7563,12985,19103
2011-01-08,4712,7305,10393
2011-01-09,3451,5782,6742
2011-01-10,7068,13009,17882
2011-01-11,7285,13582,19275
2011-01-12,7116,13500,19156
2011-01-13,7653,14286,18780
2011-01-14,8250,13706,20743
2011-01-15,4523,7508,9602
2011-01-16,3398,5690,7019
2011-01-17,7178,13338,17946
2011-01-18,7437,13833,18879
2011-01-19,7343,13895,18966
2011-01-20,7332,13568,18301
2011-01-21,7801,13236,20255
2011-01-22,4362,7496,10179
2011-01-23,3317,5694,7170
2011-01-24,6621,13010,17224
2011-01-25,7196,13630,18279
2011-01-26,7268,13670,18299
2011-01-27,6938,13812,18158
2011-01-28,6857,13365,20204
2011-01-29,4458,7010,9396
2011-01-30,3341,5903,7350
2011-01-31,6742,13159,17401
2011-02-01,6168,12123,18643
2011-02-02,7222,13270,18230
2011-02-03,7293,13701,18125
2011-02-04,8228,13585,20086
2011-02-05,5194,7516,9906
2011-02-06,3679,6021,6992
2011-02-07,7787,13797,16995
2011-02-08,8075,14443,18037
2011-02-09,8058,14206,17865
2011-02-10,8238,14446,18059
2011-02-11,8719,14306,19695
2011-02-12,4673,7299,9852
2011-02-13,4029,6181,7297
2011-02-14,7776,13756,17249
2011-02-15,7946,14107,17345
2011-02-16,8036,14293,17036
2011-02-17,8215,14303,17916
2011-02-18,7090,13739,18123
2011-02-19,5078,7967,7251
2011-02-20,3814,5903,4498
2011-02-21,7530,13240,7360
2011-02-22,7820,13753,7475
2011-02-23,4405,10205,5944
2011-02-24,6536,12770,7890
2011-02-25,7942,13570,8321
2011-02-26,4348,7260,6291
2011-02-27,3262,5665,6077
2011-02-28,7734,13647,17056
2011-03-01,5798,12209,18219
2011-03-02,6725,13430,17744
2011-03-03,7450,14308,17622
2011-03-04,8014,14478,19800
2011-03-05,5203,8253,10482
2011-03-06,3891,6625,7238
2011-03-07,7568,14254,16824
2011-03-08,7781,14934,18035
2011-03-09,7837,14992,17490
2011-03-10,8091,14895,17368
2011-03-11,8561,14713,18844
2011-03-12,4932,8390,10674
2011-03-13,3344,5855,6450
2011-03-14,6558,13841,16292
2011-03-15,6698,14496,17374
2011-03-16,7048,14548,17618
2011-03-17,6993,14427,19746
2011-03-18,6703,14125,18036
2011-03-19,4764,8121,9656
2011-03-20,3499,6399,7138
2011-03-21,5675,13474,16255
2011-03-22,5936,14014,17161
2011-03-23,6230,14139,16899
2011-03-24,6086,13915,17169
2011-03-25,6102,13908,19043
2011-03-26,4557,7826,10200
2011-03-27,3286,6017,7204
2011-03-28,7252,13677,16139
2011-03-29,7459,13984,17148
2011-03-30,7183,13921,16903
2011-03-31,7291,14261,17378
2011-04-01,5638,10889,17820
2011-04-02,3354,5408,8057
2011-04-03,3489,6010,6783
2011-04-04,6855,13094,12737
2011-04-05,7590,14273,12350
2011-04-06,8014,14170,12309
2011-04-07,8236,14269,12350
2011-04-08,9221,14073,12950
2011-04-09,4970,7624,9115
2011-04-10,3843,6292,6293
2011-04-11,7571,14275,12549
2011-04-12,8130,14516,11574
2011-04-13,8272,14673,11606
2011-04-14,7928,14686,11607
2011-04-15,8883,14515,12146
2011-04-16,5494,8359,9404
2011-04-17,3953,6244,5892
2011-04-18,7705,13801,11786
2011-04-19,8232,14365,10624
2011-04-20,8610,14516,10605
2011-04-21,8558,14373,10956
2011-04-22,4648,6888,4854
2011-04-23,4708,7513,4332
2011-04-24,3004,5339,2881
2011-04-25,4013,7422,3967
2011-04-26,8062,13801,7541
2011-04-27,7835,13674,7058
2011-04-28,8015,13763,7157
2011-04-29,8666,14204,7674
2011-04-30,5429,8462,5062
2011-05-01,2864,5284,986
2011-05-02,6143,12592,3441
2011-05-03,7595,14004,4129
2011-05-04,8158,14601,4620
2011-05-05,8276,15027,4889
2011-05-06,8832,15094,4891
2011-05-07,5422,8726,2719
2011-05-08,3690,6743,1944
2011-05-09,7938,15034,5708
2011-05-10,8609,15723,6171
2011-05-11,8179,15256,6465
2011-05-12,8698,15630,6321
2011-05-13,9458,15824,6417
2011-05-14,5544,9118,3170
2011-05-15,3765,6491,2313
2011-05-16,8113,14889,5987
2011-05-17,8641,15578,6143
2011-05-18,8480,15511,6223
2011-05-19,8966,15608,6037
2011-05-20,7824,14719,6115
2011-05-21,5063,8345,2749
2011-05-22,4040,6875,2142
2011-05-23,4146,6912,2397
2011-05-24,8296,14967,6174
2011-05-25,7981,14910,6103
2011-05-26,8291,15246,5927
2011-05-27,8996,15203,6167
2011-05-28,5188,8335,2913
2011-05-29,4237,6919,2280
2011-05-30,7784,14339,5668
2011-05-31,8237,14930,5960
2011-06-01,6445,12605,6175
2011-06-02,7444,14152,5941
2011-06-03,9019,14716,6318
2011-06-04,6034,9302,3168
2011-06-05,4387,7497,2435
2011-06-06,8118,14584,5905
2011-06-07,8290,15246,6060
2011-06-08,8748,15341,5898
2011-06-09,8416,15353,6026
2011-06-10,9280,15313,6103
2011-06-11,5860,9406,3136
2011-06-12,4207,7380,2242
2011-06-13,8019,14792,5814
2011-06-14,8718,15563,5888
2011-06-15,8544,15092,6008
2011-06-16,8810,15283,5693
2011-06-17,9011,15349,5899
2011-06-18,5140,8630,2968
2011-06-19,3777,6992,2249
2011-06-20,7839,14780,5773
2011-06-21,8161,15300,5620
2011-06-22,7796,15308,5898
2011-06-23,7530,15086,5768
2011-06-24,7441,15217,6215
2011-06-25,4839,8524,2896
2011-06-26,4018,7089,2240
2011-06-27,6280,13948,4656
2011-06-28,7026,14191,4642
2011-06-29,7354,14643,4826
2011-06-30,6726,14672,4356
2011-07-01,3929,5972,3073
2011-07-02,4217,7024,2512
2011-07-03,3924,6051,2108
2011-07-04,7095,12372,5398
2011-07-05,7992,13920,5635
2011-07-06,8162,14247,5761
2011-07-07,7932,14205,5612
2011-07-08,8569,14309,5749
2011-07-09,5956,8785,2731
2011-07-10,4440,7183,2276
2011-07-11,8052,13611,5189
2011-07-12,8491,14279,5358
2011-07-13,8014,14154,5552
2011-07-14,8177,14245,5366
2011-07-15,8580,14223,5497
2011-07-16,5489,8658,2621
2011-07-17,4509,6938,2171
2011-07-18,8298,13607,5323
2011-07-19,8457,14106,5337
2011-07-20,8484,14240,5242
2011-07-21,8323,13992,5125
2011-07-22,8890,13721,5332
2011-07-23,5737,8880,2735
2011-07-24,4442,7018,2325
2011-07-25,7465,13272,4948
2011-07-26,7964,13667,5208
2011-07-27,8527,13782,5063
2011-07-28,7937,13959,4895
2011-07-29,8393,13281,5020
2011-07-30,5687,8219,2718
2011-07-31,4475,6521,2169
2011-08-01,2775,5148,1978
2011-08-02,4869,11069,4524
2011-08-03,5537,12413,4588
2011-08-04,5566,12810,4284
2011-08-05,6074,13057,4448
2011-08-06,4471,8303,2421
2011-08-07,3645,6578,1927
2011-08-08,5538,13255,4102
2011-08-09,5820,13861,4050
2011-08-10,5714,13605,4258
2011-08-11,5954,14048,4189
2011-08-12,6075,14023,4363
2011-08-13,4511,8857,2394
2011-08-14,3415,6997,1779
2011-08-15,5607,13574,3668
2011-08-16,5573,13698,4008
2011-08-17,5737,13722,3870
2011-08-18,5553,13666,3685
2011-08-19,5950,13657,4114
2011-08-20,4342,8633,2160
2011-08-21,3456,6902,1709
2011-08-22,4803,12467,3007
2011-08-23,5498,13663,3036
2011-08-24,5480,13643,3778
2011-08-25,5379,13727,3925
2011-08-26,5407,12996,3748
2011-08-27,4060,8161,2587
2011-08-28,3373,6433,1979
2011-08-29,5177,12473,4411
2011-08-30,5147,12671,4915
2011-08-31,5173,12843,5389
2011-09-01,4420,10204,4436
2011-09-02,5721,11156,5806
2011-09-03,4377,7114,4944
2011-09-04,3900,5779,5493
2011-09-05,3921,5791,6896
2011-09-06,8394,13191,11941
2011-09-07,8557,13693,18323
2011-09-08,8549,13803,19557
2011-09-09,9611,13787,21481
2011-09-10,5461,8171,11631
2011-09-11,4110,6454,7899
2011-09-12,8842,14001,19516
2011-09-13,8997,14222,19766
2011-09-14,8812,14159,19564
2011-09-15,9150,14714,19976
2011-09-16,10119,14406,21555
2011-09-17,5831,8425,10845
2011-09-18,4381,6497,7527
2011-09-19,7199,13541,19129
2011-09-20,8919,14310,19063
2011-09-21,8811,14328,19430
2011-09-22,8533,14020,19475
2011-09-23,9918,14114,20638
2011-09-24,5485,7866,11707
2011-09-25,3932,6175,7528
2011-09-26,7505,12736,17967
2011-09-27,8868,13938,19156
2011-09-28,9065,14154,19012
2011-09-29,8717,14001,18601
2011-09-30,9559,14239,20425
2011-10-01,4193,6274,10213
2011-10-02,3480,5685,7245
2011-10-03,7175,13086,17857
2011-10-04,7741,13959,18304
2011-10-05,8157,14890,18159
2011-10-06,8193,14828,18548
2011-10-07,8957,14521,18461
2011-10-08,5181,7812,6728
2011-10-09,3991,5881,4562
2011-10-10,3407,5477,5785
2011-10-11,7831,14463,18129
2011-10-12,8597,15087,18254
2011-10-13,8287,15181,18551
2011-10-14,9399,15234,20116
2011-10-15,5848,8307,11387
2011-10-16,4278,6579,7064
2011-10-17,8157,14307,17230
2011-10-18,8276,15000,17887
2011-10-19,8365,14733,18116
2011-10-20,8808,15002,18119
2011-10-21,7001,14004,19389
2011-10-22,5338,8174,9932
2011-10-23,4321,6697,7333
2011-10-24,7991,14308,17380
2011-10-25,8074,14666,18513
2011-10-26,8091,14816,18881
2011-10-27,8476,14642,19367
2011-10-28,8698,14134,22123
2011-10-29,5313,8245,11204
2011-10-30,3705,6112,7266
2011-10-31,8401,14206,17704
2011-11-01,6208,12640,18092
2011-11-02,7320,13837,17673
2011-11-03,8055,14707,18375
2011-11-04,9628,14910,20543
2011-11-05,5565,8071,9961
2011-11-06,4325,6419,7148
2011-11-07,8297,14585,17087
2011-11-08,8806,15304,18480
2011-11-09,8919,15238,10326
2011-11-10,9516,15475,9451
2011-11-11,5019,7313,5942
2011-11-12,5009,7396,6227
2011-11-13,3968,6270,6344
2011-11-14,8374,14475,16983
2011-11-15,8919,15549,17873
2011-11-16,8434,14829,17205
2011-11-17,8888,15118,17746
2011-11-18,9391,15388,18973
2011-11-19,5593,8496,11138
2011-11-20,4279,6300,7020
2011-11-21,6827,13963,17291
2011-11-22,8010,14581,17842
2011-11-23,8601,15303,17943
2011-11-24,7997,14453,17222
2011-11-25,9164,14827,20331
2011-11-26,5465,8203,10108
2011-11-27,3758,6045,6894
2011-11-28,8200,14101,16854
2011-11-29,8085,14697,17553
2011-11-30,8598,14926,17597
2011-12-01,5616,11184,17962
2011-12-02,7635,12562,19432
2011-12-03,5107,7874,9488
2011-12-04,3793,6427,6969
2011-12-05,7477,13212,12381
2011-12-06,7795,13771,12669
2011-12-07,7648,13735,12300
2011-12-08,7444,13841,12669
2011-12-09,8108,13792,13154
2011-12-10,4895,8129,10053
2011-12-11,3757,6499,6805
2011-12-12,7670,13421,12239
2011-12-13,7505,13700,11537
2011-12-14,7488,13774,11628
2011-12-15,7540,13741,11255
2011-12-16,8245,13358,11567
2011-12-17,4939,8561,8544
2011-12-18,3756,6570,5155
2011-12-19,5678,12276,8717
2011-12-20,5847,12504,6124
2011-12-21,5786,12428,5070
2011-12-22,5843,12085,4644
2011-12-23,5453,11296,3877
2011-12-24,3153,6007,2036
2011-12-25,1366,2296,581
2011-12-26,4282,6221,2464
2011-12-27,3949,7031,2360
2011-12-28,4492,9421,3089
2011-12-29,4812,9870,3475
2011-12-30,5155,10111,3752
2011-12-31,3010,5295,2271
2012-01-01,1245,2381,1813
2012-01-02,2315,4649,3956
2012-01-03,5320,10040,9706
2012-01-04,5979,11493,17649
2012-01-05,6298,12054,18146
2012-01-06,7347,12537,19912
2012-01-07,4271,7036,9558
2012-01-08,3289,5540,6205
2012-01-09,6946,12917,17635
2012-01-10,7632,14058,19212
2012-01-11,7525,13764,19010
2012-01-12,7335,13894,19066
2012-01-13,8003,13330,20273
2012-01-14,4340,7280,9813
2012-01-15,3510,5745,6958
2012-01-16,6942,12951,18409
2012-01-17,6265,12902,18956
2012-01-18,3455,9333,15660
2012-01-19,6308,12649,20222
2012-01-20,7066,13136,21231
2012-01-21,4123,7016,9701
2012-01-22,2718,5024,6199
2012-01-23,6630,12943,17746
2012-01-24,6608,13157,18505
2012-01-25,6587,13188,18557
2012-01-26,6718,13341,18257
2012-01-27,6575,12975,20627
2012-01-28,4094,6968,9822
2012-01-29,2926,5129,6764
2012-01-30,6727,12537,17462
2012-01-31,6659,13015,18040
2012-02-01,6455,12013,17955
2012-02-02,7087,13399,17374
2012-02-03,8048,13561,19485
2012-02-04,5292,7808,10652
2012-02-05,3736,5875,6695
2012-02-06,7721,13750,16849
2012-02-07,8036,14475,17639
2012-02-08,7920,14603,17566
2012-02-09,7724,14432,18289
2012-02-10,8520,14315,18205
2012-02-11,5087,7662,7558
2012-02-12,3964,5821,4955
2012-02-13,8045,14102,8010
2012-02-14,8367,14574,8143
2012-02-15,8007,14126,8097
2012-02-16,7805,14009,7896
2012-02-17,6737,13238,7848
2012-02-18,4748,7486,6578
2012-02-19,3756,5794,6508
2012-02-20,7577,13757,16568
2012-02-21,7698,14245,17249
2012-02-22,7851,14278,17352
2012-02-23,7708,14409,17666
2012-02-24,7874,13269,18992
2012-02-25,5055,7269,10258
2012-02-26,3604,5747,6925
2012-02-27,7479,13122,16706
2012-02-28,7390,13451,17446
2012-02-29,7422,13576,17860
2012-03-01,6140,12837,18060
2012-03-02,7333,13738,19674
2012-03-03,4755,7861,10330
2012-03-04,3927,6072,6884
2012-03-05,7058,14122,16866
2012-03-06,6938,14904,17747
2012-03-07,6578,15013,17280
2012-03-08,8011,15324,17482
2012-03-09,8004,14732,18774
2012-03-10,5217,8552,9922
2012-03-11,3767,6309,7164
2012-03-12,5673,13347,15827
2012-03-13,6949,14660,16961
2012-03-14,6530,14819,17163
2012-03-15,6712,14644,17138
2012-03-16,7193,14585,19049
2012-03-17,4868,8136,11685
2012-03-18,3686,6366,6981
2012-03-19,5783,13644,15780
2012-03-20,5505,13689,16053
2012-03-21,6119,14047,16426
2012-03-22,6033,13829,16522
2012-03-23,6611,13738,18325
2012-03-24,4679,7584,10125
2012-03-25,3764,6091,6920
2012-03-26,6996,13288,16171
2012-03-27,7277,13856,17019
2012-03-28,7607,13959,16900
2012-03-29,6967,13535,17475
2012-03-30,7731,13332,18538
2012-03-31,4253,7045,9252
2012-04-01,2721,4757,7085
2012-04-02,6082,11720,15897
2012-04-03,7235,13039,17061
2012-04-04,7445,13287,17281
2012-04-05,7961,13742,18609
2012-04-06,4441,6730,8088
2012-04-07,4730,7264,6868
2012-04-08,3328,5453,5124
2012-04-09,4288,7841,6473
2012-04-10,7740,13851,12289
2012-04-11,7764,13987,11734
2012-04-12,7760,14071,12460
2012-04-13,8939,14325,12571
2012-04-14,5429,8446,9379
2012-04-15,3930,6124,6512
2012-04-16,7488,13478,11516
2012-04-17,7834,13972,11610
2012-04-18,7737,13999,11437
2012-04-19,7499,13576,11408
2012-04-20,8507,13803,11947
2012-04-21,5206,7886,9005
2012-04-22,4008,6065,5679
2012-04-23,7060,12866,10159
2012-04-24,7294,13155,9675
2012-04-25,7557,13171,10506
2012-04-26,7688,12979,8395
2012-04-27,8132,12807,8002
2012-04-28,4780,7327,5127
2012-04-29,3530,5669,3911
2012-04-30,6850,12499,6814
2012-05-01,6250,12288,1948
2012-05-02,7345,13918,2785
2012-05-03,7543,13978,3176
2012-05-04,9025,14651,3557
2012-05-05,5608,8565,2233
2012-05-06,4337,6903,1789
2012-05-07,7926,14494,4246
2012-05-08,8188,15112,4646
2012-05-09,8375,15235,4991
2012-05-10,8395,15365,5166
2012-05-11,9191,15434,5469
2012-05-12,5771,9152,3254
2012-05-13,4121,7083,2271
2012-05-14,7997,14537,6390
2012-05-15,8092,15283,6696
2012-05-16,8027,14873,6692
2012-05-17,8376,14828,6545
2012-05-18,7321,13990,6578
2012-05-19,4699,8185,3179
2012-05-20,3658,6045,2348
2012-05-21,3288,5639,2330
2012-05-22,7311,13942,6543
2012-05-23,7553,14231,6686
2012-05-24,7468,14063,6427
2012-05-25,7947,13753,6536
2012-05-26,4906,8189,3334
2012-05-27,3404,6172,2559
2012-05-28,6683,12850,5867
2012-05-29,7112,13337,6256
2012-05-30,6924,13236,6460
2012-05-31,6939,13517,6267
2012-06-01,7023,12314,6653
2012-06-02,5268,8137,3377
2012-06-03,3846,6194,2553
2012-06-04,7415,13202,6080
2012-06-05,7549,14577,6292
2012-06-06,8119,14803,6546
2012-06-07,7688,14594,6469
2012-06-08,8697,15090,6456
2012-06-09,5587,8974,3445
2012-06-10,4039,6906,2547
2012-06-11,7691,14368,6057
2012-06-12,7966,14896,6359
2012-06-13,8122,14874,6317
2012-06-14,8119,14876,6238
2012-06-15,8562,14996,6390
2012-06-16,4683,8181,3115
2012-06-17,3768,6760,2345
2012-06-18,7281,13848,5963
2012-06-19,7513,14633,6371
2012-06-20,7482,14682,6405
2012-06-21,7232,14234,6175
2012-06-22,7043,13786,6258
2012-06-23,4571,7761,3184
2012-06-24,3829,6607,2508
2012-06-25,6071,13227,5760
2012-06-26,6412,13848,6056
2012-06-27,6294,13829,6060
2012-06-28,6200,13585,5857
2012-06-29,5988,13010,6134
2012-06-30,3821,7510,3017
2012-07-01,2975,4871,3005
2012-07-02,3088,5007,2026
2012-07-03,6187,11255,4385
2012-07-04,7053,12614,5542
2012-07-05,7356,13199,5807
2012-07-06,8092,13313,5828
2012-07-07,5320,8217,2946
2012-07-08,4222,6906,2577
2012-07-09,7630,12973,5445
2012-07-10,7838,13782,5628
2012-07-11,8099,13734,5635
2012-07-12,8010,13737,5457
2012-07-13,7985,13112,5662
2012-07-14,5767,8472,3017
2012-07-15,3960,6170,2127
2012-07-16,7639,13138,5305
2012-07-17,7597,13531,5702
2012-07-18,7671,13231,5717
2012-07-19,7579,13544,5766
2012-07-20,7540,12789,5642
2012-07-21,5172,7938,3081
2012-07-22,3899,6168,2357
2012-07-23,6958,12345,5254
2012-07-24,7049,12723,5458
2012-07-25,7506,12893,5492
2012-07-26,7586,12803,5547
2012-07-27,7666,12319,5112
2012-07-28,4886,7405,2895
2012-07-29,3631,6007,2378
2012-07-30,5942,11725,4886
2012-07-31,6112,12265,5240
2012-08-01,4256,10982,5187
2012-08-02,4886,11964,4979
2012-08-03,5191,12344,5130
2012-08-04,3792,7743,2811
2012-08-05,3448,6443,2397
2012-08-06,3389,6538,2290
2012-08-07,5153,12575,4605
2012-08-08,5174,13797,4550
2012-08-09,5530,13941,4756
2012-08-10,5545,13744,4786
2012-08-11,4122,8404,2805
2012-08-12,3331,7218,2207
2012-08-13,4996,12873,4169
2012-08-14,5258,13453,4505
2012-08-15,5241,13655,4643
2012-08-16,5087,13273,4570
2012-08-17,5131,13177,4658
2012-08-18,3802,8359,2696
2012-08-19,3037,6814,2037
2012-08-20,4765,12590,3806
2012-08-21,4793,13052,3482
2012-08-22,4898,12901,3530
2012-08-23,4784,12856,3401
2012-08-24,5016,12738,3447
2012-08-25,3441,7676,2373
2012-08-26,2783,6223,1746
2012-08-27,4281,12018,4103
2012-08-28,4301,12107,4458
2012-08-29,4550,12401,5214
2012-08-30,4595,12273,5722
2012-08-31,4574,11663,6507
2012-09-01,3212,5716,3893
2012-09-02,2954,5084,3913
2012-09-03,3434,5305,5497
2012-09-04,7282,11922,10864
2012-09-05,7168,12528,16822
2012-09-06,8047,13278,18907
2012-09-07,8691,13085,20805
2012-09-08,5054,7617,11276
2012-09-09,3709,6098,7622
2012-09-10,8068,13110,18774
2012-09-11,8423,13884,19534
2012-09-12,8489,13748,19718
2012-09-13,8285,13893,19710
2012-09-14,9232,13869,21707
2012-09-15,5474,7925,11494
2012-09-16,4135,6324,8017
2012-09-17,6590,12720,18305
2012-09-18,7876,13658,19475
2012-09-19,7972,13376,19266
2012-09-20,8171,13429,19326
2012-09-21,8916,13377,20392
2012-09-22,5409,7770,11110
2012-09-23,3761,6105,7708
2012-09-24,7532,12371,18012
2012-09-25,7546,12993,18854
2012-09-26,7871,13158,18543
2012-09-27,7616,12825,19019
2012-09-28,8080,12685,20780
2012-09-29,5035,7327,10374
2012-09-30,3783,5657,7692
2012-10-01,5336,10641,17771
2012-10-02,6605,12804,18484
2012-10-03,7227,13115,18190
2012-10-04,7101,13277,18072
2012-10-05,7820,13369,18747
2012-10-06,4616,7607,7070
2012-10-07,3260,5731,4850
2012-10-08,3222,5224,5964
2012-10-09,7438,13557,17955
2012-10-10,6972,13330,17509
2012-10-11,7333,13549,18122
2012-10-12,7845,13271,20039
2012-10-13,4561,7632,9948
2012-10-14,3130,5441,6687
2012-10-15,6740,12974,17034
2012-10-16,6919,13577,18432
2012-10-17,7180,13440,17918
2012-10-18,7014,13156,17911
2012-10-19,6359,12946,20473
2012-10-20,4525,7596,10350
2012-10-21,3385,5676,7518
2012-10-22,6106,11853,17348
2012-10-23,6710,12843,17983
2012-10-24,6893,12892,18206
2012-10-25,6977,12789,18712
2012-10-26,6859,12140,19940
2012-10-27,3913,6339,9576
2012-10-28,3086,5261,7045
2012-10-29,6239,11631,16598
2012-10-30,6086,12051,17811
2012-10-31,6725,12057,19168
2012-11-01,5076,11001,18072
2012-11-02,6872,12229,19608
2012-11-03,4405,7057,9633
2012-11-04,3500,5792,7209
2012-11-05,7015,12950,17061
2012-11-06,7041,13275,17782
2012-11-07,7304,13549,17663
2012-11-08,7555,13753,17981
2012-11-09,7527,13143,18060
2012-11-10,4631,7190,7189
2012-11-11,3282,5365,4748
2012-11-12,3906,6012,5263
2012-11-13,6862,13052,8966
2012-11-14,7221,13468,10721
2012-11-15,7200,13762,16318
2012-11-16,7558,13328,17766
2012-11-17,4439,7477,9572
2012-11-18,3167,5557,6832
2012-11-19,5884,11990,16624
2012-11-20,7024,13231,18166
2012-11-21,6629,12974,17589
2012-11-22,6972,12839,17888
2012-11-23,6296,12396,19738
2012-11-24,4541,7210,10312
2012-11-25,3246,5738,7521
2012-11-26,6474,12341,16799
2012-11-27,6530,12762,17782
2012-11-28,6454,12337,17634
2012-11-29,6671,12889,18033
2012-11-30,6866,12402,19671
2012-12-01,3002,5549,9731
2012-12-02,2850,4846,7325
2012-12-03,5752,10657,16920
2012-12-04,6326,11808,12123
2012-12-05,6546,11951,11773
2012-12-06,6473,12033,12818
2012-12-07,7368,12070,12755
2012-12-08,4539,7366,9611
2012-12-09,3090,5413,6496
2012-12-10,6296,11973,12013
2012-12-11,6339,12300,11427
2012-12-12,6322,12516,11871
2012-12-13,6065,12118,11687
2012-12-14,6806,12074,12180
2012-12-15,4032,7103,8611
2012-12-16,3027,5389,5589
2012-12-17,5694,11272,10569
2012-12-18,6028,11807,10111
2012-12-19,5406,11170,8794
2012-12-20,6158,11779,8586
2012-12-21,6304,10937,6378
2012-12-22,3743,6914,3732
2012-12-23,2997,5489,2639
2012-12-24,2970,6573,2515
2012-12-25,866,1756,665
2012-12-26,3856,5469,2552
2012-12-27,3903,8144,3044
2012-12-28,4147,8471,3382
2012-12-29,3086,5833,2929
2012-12-30,2619,4709,2669
2012-12-31,2569,5589,2450
2013-01-01,1300,2347,2226
2013-01-02,3557,8244,8037
2013-01-03,3970,9492,14833
2013-01-04,4216,10005,16643
2013-01-05,3356,6077,8866
2013-01-06,2640,4779,6683
2013-01-07,5797,11382,16795
2013-01-08,5760,11766,18003
2013-01-09,6572,12483,18456
2013-01-10,6410,12350,18334
2013-01-11,6928,12408,19519
2013-01-12,4113,6726,9308
2013-01-13,2968,4823,6410
2013-01-14,6178,12134,16763
2013-01-15,6470,12679,18287
2013-01-16,6706,12582,17805
2013-01-17,6485,12712,18205
2013-01-18,7068,12413,19196
2013-01-19,4338,6703,9823
2013-01-20,3127,5195,6534
2013-01-21,6179,11903,16819
2013-01-22,6366,12100,17935
2013-01-23,6375,12439,17415
2013-01-24,6393,12204,18231
2013-01-25,6699,12143,19281
2013-01-26,3899,6588,8992
2013-01-27,2931,5104,6135
2013-01-28,5612,11734,16356
2013-01-29,5940,12228,17473
2013-01-30,5847,12260,17006
2013-01-31,5630,12528,17476
2013-02-01,5334,10477,19390
2013-02-02,3911,6685,10247
2013-02-03,2771,5150,6458
2013-02-04,6169,12008,16234
2013-02-05,6425,13025,17417
2013-02-06,6605,13223,17037
2013-02-07,6994,13136,17290
2013-02-08,7548,12987,19086
2013-02-09,4394,6837,9332
2013-02-10,3372,5435,6808
2013-02-11,3334,6165,6733
2013-02-12,6871,13346,16836
2013-02-13,6836,13334,16169
2013-02-14,7192,13436,18182
2013-02-15,6197,13022,17568
2013-02-16,4216,7125,7022
2013-02-17,3030,5643,4833
2013-02-18,6323,12391,7415
2013-02-19,6769,13117,7877
2013-02-20,6745,12983,7596
2013-02-21,6688,12794,7981
2013-02-22,7032,12320,8000
2013-02-23,4687,7299,6751
2013-02-24,3067,5408,6293
2013-02-25,5953,12055,16051
2013-02-26,6788,13168,16629
2013-02-27,6651,13059,16786
2013-02-28,6451,12998,17538
2013-03-01,5371,10618,18830
2013-03-02,3879,6823,10086
2013-03-03,3143,5614,7071
2013-03-04,6141,12525,15901
2013-03-05,6067,13040,16749
2013-03-06,6099,13151,16849
2013-03-07,6621,13671,17173
2013-03-08,7100,13316,18926
2013-03-09,4434,7745,9584
2013-03-10,2836,5287,6105
2013-03-11,5279,12464,15588
2013-03-12,5334,12674,16517
2013-03-13,5448,13068,16843
2013-03-14,5499,12884,16742
2013-03-15,5938,13302,18772
2013-03-16,4128,7250,9773
2013-03-17,3556,6302,8386
2013-03-18,5229,12307,15648
2013-03-19,5046,12504,15801
2013-03-20,25,19,30

