# select substr(TS_DAY,1,4) || '-' || substr(TS_DAY,5,2) || '-' || substr(TS_DAY,7,2) as T, 
# UPASS_2010, UPASS_2011, UPASS_2012, UPASS_2013,
# MONTHLYPASS_2010, MONTHLYPASS_2011, MONTHLYPASS_2012, MONTHLYPASS_2013,
# DISCOUNTPASS_2010, DISCOUNTPASS_2011, DISCOUNTPASS_2012, DISCOUNTPASS_2013
# from V_YEARSPREAD

########################################################################################
2013-01-01,,1739,1813,2226,,2855,2381,2347,,1680,1245,1300
2013-01-02,,2687,3956,8037,,4298,4649,8244,,2350,2315,3557
2013-01-03,,4827,9706,14833,,6097,10040,9492,,3110,5320,3970
2013-01-04,,10241,17649,16643,,11451,11493,10005,,6051,5979,4216
2013-01-05,,17948,18146,8866,,12675,12054,6077,,6351,6298,3356
2013-01-06,,18404,19912,6683,,12877,12537,4779,,6759,7347,2640
2013-01-07,,19103,9558,16795,,12985,7036,11382,,7563,4271,5797
2013-01-08,,10393,6205,18003,,7305,5540,11766,,4712,3289,5760
2013-01-09,,6742,17635,18456,,5782,12917,12483,,3451,6946,6572
2013-01-10,,17882,19212,18334,,13009,14058,12350,,7068,7632,6410
2013-01-11,,19275,19010,19519,,13582,13764,12408,,7285,7525,6928
2013-01-12,,19156,19066,9308,,13500,13894,6726,,7116,7335,4113
2013-01-13,,18780,20273,6410,,14286,13330,4823,,7653,8003,2968
2013-01-14,,20743,9813,16763,,13706,7280,12134,,8250,4340,6178
2013-01-15,,9602,6958,18287,,7508,5745,12679,,4523,3510,6470
2013-01-16,,7019,18409,17805,,5690,12951,12582,,3398,6942,6706
2013-01-17,,17946,18956,18205,,13338,12902,12712,,7178,6265,6485
2013-01-18,,18879,15660,19196,,13833,9333,12413,,7437,3455,7068
2013-01-19,,18966,20222,9823,,13895,12649,6703,,7343,6308,4338
2013-01-20,,18301,21231,6534,,13568,13136,5195,,7332,7066,3127
2013-01-21,,20255,9701,16819,,13236,7016,11903,,7801,4123,6179
2013-01-22,,10179,6199,17935,,7496,5024,12100,,4362,2718,6366
2013-01-23,,7170,17746,17415,,5694,12943,12439,,3317,6630,6375
2013-01-24,,17224,18505,18231,,13010,13157,12204,,6621,6608,6393
2013-01-25,,18279,18557,19281,,13630,13188,12143,,7196,6587,6699
2013-01-26,,18299,18257,8992,,13670,13341,6588,,7268,6718,3899
2013-01-27,,18158,20627,6135,,13812,12975,5104,,6938,6575,2931
2013-01-28,,20204,9822,16356,,13365,6968,11734,,6857,4094,5612
2013-01-29,,9396,6764,17473,,7010,5129,12228,,4458,2926,5940
2013-01-30,,7350,17462,17006,,5903,12537,12260,,3341,6727,5847
2013-01-31,,17401,18040,17476,,13159,13015,12528,,6742,6659,5630
2013-02-01,16333,18643,17955,19390,11487,12123,12013,10477,5511,6168,6455,5334
2013-02-02,17159,18230,17374,10247,13633,13270,13399,6685,7001,7222,7087,3911
2013-02-03,16812,18125,19485,6458,14049,13701,13561,5150,7216,7293,8048,2771
2013-02-04,17122,20086,10652,16234,14588,13585,7808,12008,7431,8228,5292,6169
2013-02-05,17727,9906,6695,17417,14514,7516,5875,13025,8227,5194,3736,6425
2013-02-06,9437,6992,16849,17037,8284,6021,13750,13223,5009,3679,7721,6605
2013-02-07,6400,16995,17639,17290,6224,13797,14475,13136,3498,7787,8036,6994
2013-02-08,16337,18037,17566,19086,14201,14443,14603,12987,7603,8075,7920,7548
2013-02-09,16463,17865,18289,9332,14677,14206,14432,6837,7645,8058,7724,4394
2013-02-10,16289,18059,18205,6808,14627,14446,14315,5435,7657,8238,8520,3372
2013-02-11,17324,19695,7558,6733,14835,14306,7662,6165,7652,8719,5087,3334
2013-02-12,16882,9852,4955,16836,14919,7299,5821,13346,8153,4673,3964,6871
2013-02-13,6768,7297,8010,16169,8190,6181,14102,13334,4743,4029,8045,6836
2013-02-14,4926,17249,8143,18182,6883,13756,14574,13436,4089,7776,8367,7192
2013-02-15,6902,17345,8097,17568,14101,14107,14126,13022,7234,7946,8007,6197
2013-02-16,6975,17036,7896,7022,14331,14293,14009,7125,7584,8036,7805,4216
2013-02-17,6933,17916,7848,4833,14661,14303,13238,5643,7614,8215,6737,3030
2013-02-18,6860,18123,6578,7415,14536,13739,7486,12391,8121,7090,4748,6323
2013-02-19,6669,7251,6508,7877,14154,7967,5794,13117,6869,5078,3756,6769
2013-02-20,5555,4498,16568,7596,8070,5903,13757,12983,5100,3814,7577,6745
2013-02-21,5735,7360,17249,7981,6492,13240,14245,12794,3749,7530,7698,6688
2013-02-22,15226,7475,17352,8000,14046,13753,14278,12320,7173,7820,7851,7032
2013-02-23,16595,5944,17666,6751,14342,10205,14409,7299,7387,4405,7708,4687
2013-02-24,16075,7890,18992,6293,14359,12770,13269,5408,7517,6536,7874,3067
2013-02-25,16984,8321,10258,16051,14446,13570,7269,12055,7565,7942,5055,5953
2013-02-26,17195,6291,6925,16629,14186,7260,5747,13168,7690,4348,3604,6788
2013-02-27,8571,6077,16706,16786,7766,5665,13122,13059,4459,3262,7479,6651
2013-02-28,6149,17056,17446,17538,6078,13647,13451,12998,3855,7734,7390,6451
2013-03-01,16093,18219,18060,18830,10972,12209,12837,10618,5088,5798,6140,5371
2013-03-02,16904,17744,19674,10086,13617,13430,13738,6823,6401,6725,7333,3879
2013-03-03,17048,17622,10330,7071,13964,14308,7861,5614,7122,7450,4755,3143
2013-03-04,16413,19800,6884,15901,14585,14478,6072,12525,7032,8014,3927,6141
2013-03-05,17992,10482,16866,16749,14496,8253,14122,13040,7686,5203,7058,6067
2013-03-06,9100,7238,17747,16849,8476,6625,14904,13151,4783,3891,6938,6099
2013-03-07,7694,16824,17280,17173,6313,14254,15013,13671,3524,7568,6578,6621
2013-03-08,15240,18035,17482,18926,13774,14934,15324,13316,5826,7781,8011,7100
2013-03-09,15425,17490,18774,9584,14244,14992,14732,7745,5580,7837,8004,4434
2013-03-10,15811,17368,9922,6105,14557,14895,8552,5287,5804,8091,5217,2836
2013-03-11,16133,18844,7164,15588,14125,14713,6309,12464,5701,8561,3767,5279
2013-03-12,17542,10674,15827,16517,14392,8390,13347,12674,6228,4932,5673,5334
2013-03-13,9086,6450,16961,16843,8433,5855,14660,13068,4545,3344,6949,5448
2013-03-14,6162,16292,17163,16742,6128,13841,14819,12884,2993,6558,6530,5499
2013-03-15,15298,17374,17138,18772,13888,14496,14644,13302,5810,6698,6712,5938
2013-03-16,16517,17618,19049,9773,14493,14548,14585,7250,6191,7048,7193,4128
2013-03-17,18279,19746,11685,8386,14937,14427,8136,6302,6611,6993,4868,3556
2013-03-18,15557,18036,6981,15648,14694,14125,6366,12307,6114,6703,3686,5229
2013-03-19,17759,9656,15780,15801,14939,8121,13644,12504,6572,4764,5783,5046
2013-03-20,8641,7138,16053,30,8409,6399,13689,19,4679,3499,5505,25
2013-03-21,6722,16255,16426,,6381,13474,14047,,3214,5675,6119,
2013-03-22,15339,17161,16522,,14272,14014,13829,,6934,5936,6033,
2013-03-23,16220,16899,18325,,14571,14139,13738,,7079,6230,6611,
2013-03-24,15980,17169,10125,,14935,13915,7584,,6944,6086,4679,
2013-03-25,16639,19043,6920,,14417,13908,6091,,6675,6102,3764,
2013-03-26,17220,10200,16171,,14382,7826,13288,,7432,4557,6996,
2013-03-27,10026,7204,17019,,8155,6017,13856,,4505,3286,7277,
2013-03-28,6697,16139,16900,,6020,13677,13959,,3136,7252,7607,
2013-03-29,15778,17148,17475,,13778,13984,13535,,6347,7459,6967,
2013-03-30,16085,16903,18538,,14567,13921,13332,,6665,7183,7731,
2013-03-31,16561,17378,9252,,14450,14261,7045,,6778,7291,4253,
2013-04-01,17544,17820,7085,,12052,10889,4757,,6028,5638,2721,
2013-04-02,6002,8057,15897,,5711,5408,11720,,3226,3354,6082,
2013-04-03,6080,6783,17061,,7115,6010,13039,,4072,3489,7235,
2013-04-04,4580,12737,17281,,5108,13094,13287,,2847,6855,7445,
2013-04-05,6489,12350,18609,,7939,14273,13742,,4074,7590,7961,
2013-04-06,15863,12309,8088,,13849,14170,6730,,7105,8014,4441,
2013-04-07,16023,12350,6868,,14326,14269,7264,,7308,8236,4730,
2013-04-08,18064,12950,5124,,14648,14073,5453,,7655,9221,3328,
2013-04-09,12520,9115,6473,,14234,7624,7841,,8010,4970,4288,
2013-04-10,8234,6293,12289,,8354,6292,13851,,4702,3843,7740,
2013-04-11,6156,12549,11734,,6408,14275,13987,,3451,7571,7764,
2013-04-12,11491,11574,12460,,14274,14516,14071,,7313,8130,7760,
2013-04-13,10761,11606,12571,,14953,14673,14325,,7703,8272,8939,
2013-04-14,11592,11607,9379,,14901,14686,8446,,7636,7928,5429,
2013-04-15,11293,12146,6512,,14803,14515,6124,,7448,8883,3930,
2013-04-16,11793,9404,11516,,14912,8359,13478,,8283,5494,7488,
2013-04-17,8466,5892,11610,,8397,6244,13972,,4703,3953,7834,
2013-04-18,5874,11786,11437,,6706,13801,13999,,3765,7705,7737,
2013-04-19,10861,10624,11408,,14202,14365,13576,,7331,8232,7499,
2013-04-20,10856,10605,11947,,14576,14516,13803,,7752,8610,8507,
2013-04-21,10967,10956,9005,,14562,14373,7886,,7300,8558,5206,
2013-04-22,11198,4854,5679,,14677,6888,6065,,7860,4648,4008,
2013-04-23,10930,4332,10159,,14062,7513,12866,,6413,4708,7060,
2013-04-24,8352,2881,9675,,8216,5339,13155,,4488,3004,7294,
2013-04-25,5317,3967,10506,,6750,7422,13171,,3333,4013,7557,
2013-04-26,9861,7541,8395,,13636,13801,12979,,6931,8062,7688,
2013-04-27,9608,7058,8002,,14444,13674,12807,,7284,7835,8132,
2013-04-28,9485,7157,5127,,14604,13763,7327,,7519,8015,4780,
2013-04-29,7917,7674,3911,,14422,14204,5669,,7398,8666,3530,
2013-04-30,7190,5062,6814,,14519,8462,12499,,7681,5429,6850,
2013-05-01,1083,986,1948,,7266,5284,12288,,3414,2864,6250,
2013-05-02,866,3441,2785,,5827,12592,13918,,2809,6143,7345,
2013-05-03,3240,4129,3176,,13375,14004,13978,,5974,7595,7543,
2013-05-04,4012,4620,3557,,14980,14601,14651,,6846,8158,9025,
2013-05-05,4273,4889,2233,,15830,15027,8565,,7474,8276,5608,
2013-05-06,4410,4891,1789,,15975,15094,6903,,7631,8832,4337,
2013-05-07,4432,2719,4246,,15996,8726,14494,,8192,5422,7926,
2013-05-08,2532,1944,4646,,9529,6743,15112,,5164,3690,8188,
2013-05-09,1963,5708,4991,,7167,15034,15235,,3353,7938,8375,
2013-05-10,5574,6171,5166,,15252,15723,15365,,7190,8609,8395,
2013-05-11,5900,6465,5469,,16268,15256,15434,,7833,8179,9191,
2013-05-12,6066,6321,3254,,16101,15630,9152,,7921,8698,5771,
2013-05-13,6121,6417,2271,,16207,15824,7083,,8113,9458,4121,
2013-05-14,5639,3170,6390,,16315,9118,14537,,8563,5544,7997,
2013-05-15,2834,2313,6696,,9772,6491,15283,,5209,3765,8092,
2013-05-16,2177,5987,6692,,7321,14889,14873,,3710,8113,8027,
2013-05-17,5663,6143,6545,,15262,15578,14828,,7285,8641,8376,
2013-05-18,6072,6223,6578,,16077,15511,13990,,7716,8480,7321,
2013-05-19,5804,6037,3179,,15701,15608,8185,,7639,8966,4699,
2013-05-20,5825,6115,2348,,15938,14719,6045,,7932,7824,3658,
2013-05-21,5357,2749,2330,,15011,8345,5639,,6938,5063,3288,
2013-05-22,2493,2142,6543,,8782,6875,13942,,4694,4040,7311,
2013-05-23,2075,2397,6686,,6904,6912,14231,,3821,4146,7553,
2013-05-24,2048,6174,6427,,6698,14967,14063,,3506,8296,7468,
2013-05-25,5717,6103,6536,,15254,14910,13753,,7311,7981,7947,
2013-05-26,5805,5927,3334,,14943,15246,8189,,7095,8291,4906,
2013-05-27,5829,6167,2559,,15439,15203,6172,,7595,8996,3404,
2013-05-28,5539,2913,5867,,15146,8335,12850,,7333,5188,6683,
2013-05-29,2580,2280,6256,,8788,6919,13337,,4533,4237,7112,
2013-05-30,2032,5668,6460,,6600,14339,13236,,3177,7784,6924,
2013-05-31,5648,5960,6267,,14816,14930,13517,,7150,8237,6939,
2013-06-01,5552,6175,6653,,13419,12605,12314,,6046,6445,7023,
2013-06-02,5912,5941,3377,,14691,14152,8137,,7043,7444,5268,
2013-06-03,5795,6318,2553,,15221,14716,6194,,7545,9019,3846,
2013-06-04,5734,3168,6080,,15844,9302,13202,,8468,6034,7415,
2013-06-05,2802,2435,6292,,9679,7497,14577,,5440,4387,7549,
2013-06-06,2132,5905,6546,,6912,14584,14803,,3406,8118,8119,
2013-06-07,5659,6060,6469,,15497,15246,14594,,7825,8290,7688,
2013-06-08,5610,5898,6456,,16011,15341,15090,,8132,8748,8697,
2013-06-09,5791,6026,3445,,15872,15353,8974,,7989,8416,5587,
2013-06-10,5714,6103,2547,,16048,15313,6906,,8206,9280,4039,
2013-06-11,5625,3136,6057,,16480,9406,14368,,8794,5860,7691,
2013-06-12,2820,2242,6359,,9938,7380,14896,,5352,4207,7966,
2013-06-13,2221,5814,6317,,7426,14792,14874,,3863,8019,8122,
2013-06-14,5623,5888,6238,,15392,15563,14876,,7522,8718,8119,
2013-06-15,5707,6008,6390,,15857,15092,14996,,8006,8544,8562,
2013-06-16,5751,5693,3115,,16084,15283,8181,,7930,8810,4683,
2013-06-17,5473,5899,2345,,15778,15349,6760,,7915,9011,3768,
2013-06-18,5653,2968,5963,,15944,8630,13848,,8381,5140,7281,
2013-06-19,2492,2249,6371,,9391,6992,14633,,5248,3777,7513,
2013-06-20,1924,5773,6405,,7392,14780,14682,,3743,7839,7482,
2013-06-21,5192,5620,6175,,14894,15300,14234,,6886,8161,7232,
2013-06-22,5317,5898,6258,,15772,15308,13786,,7643,7796,7043,
2013-06-23,5649,5768,3184,,15796,15086,7761,,7231,7530,4571,
2013-06-24,5573,6215,2508,,15727,15217,6607,,7216,7441,3829,
2013-06-25,5545,2896,5760,,15345,8524,13227,,7041,4839,6071,
2013-06-26,2556,2240,6056,,8999,7089,13848,,4633,4018,6412,
2013-06-27,1922,4656,6060,,7082,13948,13829,,3382,6280,6294,
2013-06-28,4331,4642,5857,,14266,14191,13585,,6536,7026,6200,
2013-06-29,4347,4826,6134,,14826,14643,13010,,6633,7354,5988,
2013-06-30,4660,4356,3017,,15353,14672,7510,,5935,6726,3821,
2013-07-01,2895,3073,3005,,5904,5972,4871,,3212,3929,2975,
2013-07-02,3127,2512,2026,,10628,7024,5007,,5014,4217,3088,
2013-07-03,2234,2108,4385,,7567,6051,11255,,4195,3924,6187,
2013-07-04,2136,5398,5542,,6452,12372,12614,,3416,7095,7053,
2013-07-05,5194,5635,5807,,12833,13920,13199,,6506,7992,7356,
2013-07-06,5429,5761,5828,,13954,14247,13313,,7755,8162,8092,
2013-07-07,5343,5612,2946,,14309,14205,8217,,7896,7932,5320,
2013-07-08,5299,5749,2577,,14495,14309,6906,,7806,8569,4222,
2013-07-09,5232,2731,5445,,14185,8785,12973,,8334,5956,7630,
2013-07-10,2629,2276,5628,,8817,7183,13782,,5713,4440,7838,
2013-07-11,2071,5189,5635,,7330,13611,13734,,4187,8052,8099,
2013-07-12,5029,5358,5457,,13672,14279,13737,,7631,8491,8010,
2013-07-13,5041,5552,5662,,14427,14154,13112,,7800,8014,7985,
2013-07-14,5226,5366,3017,,14544,14245,8472,,8042,8177,5767,
2013-07-15,5165,5497,2127,,14501,14223,6170,,8041,8580,3960,
2013-07-16,4917,2621,5305,,14099,8658,13138,,8265,5489,7639,
2013-07-17,2602,2171,5702,,9023,6938,13531,,5342,4509,7597,
2013-07-18,2050,5323,5717,,6778,13607,13231,,4025,8298,7671,
2013-07-19,4825,5337,5766,,13286,14106,13544,,7487,8457,7579,
2013-07-20,5007,5242,5642,,14046,14240,12789,,7901,8484,7540,
2013-07-21,5080,5125,3081,,13989,13992,7938,,7605,8323,5172,
2013-07-22,4996,5332,2357,,13945,13721,6168,,7817,8890,3899,
2013-07-23,4774,2735,5254,,13784,8880,12345,,8304,5737,6958,
2013-07-24,2548,2325,5458,,8641,7018,12723,,5158,4442,7049,
2013-07-25,2070,4948,5492,,7183,13272,12893,,4030,7465,7506,
2013-07-26,4713,5208,5547,,13175,13667,12803,,6921,7964,7586,
2013-07-27,4839,5063,5112,,13728,13782,12319,,7040,8527,7666,
2013-07-28,4893,4895,2895,,13877,13959,7405,,7432,7937,4886,
2013-07-29,4622,5020,2378,,13908,13281,6007,,7366,8393,3631,
2013-07-30,4472,2718,4886,,13477,8219,11725,,7418,5687,5942,
2013-07-31,2291,2169,5240,,8169,6521,12265,,5070,4475,6112,
2013-08-01,1996,1978,5187,,5143,5148,10982,,2576,2775,4256,
2013-08-02,1899,4524,4979,,5380,11069,11964,,2896,4869,4886,
2013-08-03,4353,4588,5130,,11309,12413,12344,,5039,5537,5191,
2013-08-04,4273,4284,2811,,12541,12810,7743,,5477,5566,3792,
2013-08-05,4219,4448,2397,,12925,13057,6443,,5571,6074,3448,
2013-08-06,4324,2421,2290,,13275,8303,6538,,5788,4471,3389,
2013-08-07,2265,1927,4605,,7532,6578,12575,,3658,3645,5153,
2013-08-08,2048,4102,4550,,7251,13255,13797,,3630,5538,5174,
2013-08-09,4068,4050,4756,,12963,13861,13941,,5333,5820,5530,
2013-08-10,4126,4258,4786,,14118,13605,13744,,5618,5714,5545,
2013-08-11,4173,4189,2805,,14186,14048,8404,,5715,5954,4122,
2013-08-12,4171,4363,2207,,14256,14023,7218,,5813,6075,3331,
2013-08-13,3875,2394,4169,,13803,8857,12873,,5792,4511,4996,
2013-08-14,2248,1779,4505,,8800,6997,13453,,4294,3415,5258,
2013-08-15,1803,3668,4643,,7307,13574,13655,,3275,5607,5241,
2013-08-16,3586,4008,4570,,12949,13698,13273,,5256,5573,5087,
2013-08-17,3779,3870,4658,,13647,13722,13177,,5475,5737,5131,
2013-08-18,3637,3685,2696,,13488,13666,8359,,5402,5553,3802,
2013-08-19,3680,4114,2037,,13263,13657,6814,,5183,5950,3037,
2013-08-20,3592,2160,3806,,13132,8633,12590,,5339,4342,4765,
2013-08-21,1941,1709,3482,,8777,6902,13052,,3911,3456,4793,
2013-08-22,1469,3007,3530,,6696,12467,12901,,3031,4803,4898,
2013-08-23,2824,3036,3401,,12376,13663,12856,,4964,5498,4784,
2013-08-24,3045,3778,3447,,13199,13643,12738,,5125,5480,5016,
2013-08-25,3739,3925,2373,,13013,13727,7676,,5040,5379,3441,
2013-08-26,4101,3748,1746,,13371,12996,6223,,5143,5407,2783,
2013-08-27,4188,2587,4103,,12763,8161,12018,,5096,4060,4281,
2013-08-28,2776,1979,4458,,7741,6433,12107,,3741,3373,4301,
2013-08-29,2271,4411,5214,,6143,12473,12401,,2958,5177,4550,
2013-08-30,4777,4915,5722,,12389,12671,12273,,4791,5147,4595,
2013-08-31,5143,5389,6507,,12048,12843,11663,,4555,5173,4574,
2013-09-01,4745,4436,3893,,10073,10204,5716,,3888,4420,3212,
2013-09-02,5783,5806,3913,,11130,11156,5084,,4909,5721,2954,
2013-09-03,6490,4944,5497,,11491,7114,5305,,5525,4377,3434,
2013-09-04,5173,5493,10864,,7169,5779,11922,,4062,3900,7282,
2013-09-05,5116,6896,16822,,5597,5791,12528,,3541,3921,7168,
2013-09-06,5887,11941,18907,,5256,13191,13278,,3151,8394,8047,
2013-09-07,12374,18323,20805,,12883,13693,13085,,7516,8557,8691,
2013-09-08,18529,19557,11276,,13420,13803,7617,,7912,8549,5054,
2013-09-09,20323,21481,7622,,13674,13787,6098,,8159,9611,3709,
2013-09-10,21376,11631,18774,,13591,8171,13110,,8949,5461,8068,
2013-09-11,11365,7899,19534,,7904,6454,13884,,5214,4110,8423,
2013-09-12,7101,19516,19718,,5736,14001,13748,,3403,8842,8489,
2013-09-13,19272,19766,19710,,13449,14222,13893,,8184,8997,8285,
2013-09-14,19617,19564,21707,,14164,14159,13869,,8527,8812,9232,
2013-09-15,19261,19976,11494,,14137,14714,7925,,8445,9150,5474,
2013-09-16,19406,21555,8017,,14083,14406,6324,,8464,10119,4135,
2013-09-17,21433,10845,18305,,13964,8425,12720,,9133,5831,6590,
2013-09-18,10037,7527,19475,,8004,6497,13658,,5012,4381,7876,
2013-09-19,7581,19129,19266,,6430,13541,13376,,4046,7199,7972,
2013-09-20,18288,19063,19326,,13171,14310,13429,,6433,8919,8171,
2013-09-21,19391,19430,20392,,13802,14328,13377,,8303,8811,8916,
2013-09-22,18596,19475,11110,,13916,14020,7770,,8173,8533,5409,
2013-09-23,18975,20638,7708,,13639,14114,6105,,8012,9918,3761,
2013-09-24,20799,11707,18012,,13777,7866,12371,,8858,5485,7532,
2013-09-25,11023,7528,18854,,8198,6175,12993,,5522,3932,7546,
2013-09-26,7482,17967,18543,,6211,12736,13158,,3674,7505,7871,
2013-09-27,18061,19156,19019,,13117,13938,12825,,7568,8868,7616,
2013-09-28,18656,19012,20780,,13866,14154,12685,,8159,9065,8080,
2013-09-29,18411,18601,10374,,13990,14001,7327,,8143,8717,5035,
2013-09-30,18498,20425,7692,,14072,14239,5657,,8132,9559,3783,
2013-10-01,20591,10213,17771,,11792,6274,10641,,6642,4193,5336,
2013-10-02,10526,7245,18484,,7739,5685,12804,,4812,3480,6605,
2013-10-03,6988,17857,18190,,5945,13086,13115,,3489,7175,7227,
2013-10-04,17190,18304,18072,,13370,13959,13277,,7265,7741,7101,
2013-10-05,18428,18159,18747,,14319,14890,13369,,7729,8157,7820,
2013-10-06,18031,18548,7070,,14601,14828,7607,,8084,8193,4616,
2013-10-07,18186,18461,4850,,14700,14521,5731,,8237,8957,3260,
2013-10-08,18603,6728,5964,,14382,7812,5224,,8914,5181,3222,
2013-10-09,6121,4562,17955,,7659,5881,13557,,4701,3991,7438,
2013-10-10,4675,5785,17509,,5735,5477,13330,,3700,3407,6972,
2013-10-11,6206,18129,18122,,5643,14463,13549,,3375,7831,7333,
2013-10-12,17731,18254,20039,,14598,15087,13271,,8226,8597,7845,
2013-10-13,17940,18551,9948,,15107,15181,7632,,8321,8287,4561,
2013-10-14,17637,20116,6687,,14628,15234,5441,,8314,9399,3130,
2013-10-15,20570,11387,17034,,14924,8307,12974,,9333,5848,6740,
2013-10-16,11247,7064,18432,,8498,6579,13577,,5485,4278,6919,
2013-10-17,7329,17230,17918,,6610,14307,13440,,4145,8157,7180,
2013-10-18,17133,17887,17911,,14208,15000,13156,,7823,8276,7014,
2013-10-19,18173,18116,20473,,14785,14733,12946,,8128,8365,6359,
2013-10-20,17677,18119,10350,,14507,15002,7596,,8187,8808,4525,
2013-10-21,18107,19389,7518,,14640,14004,5676,,8303,7001,3385,
2013-10-22,19902,9932,17348,,14287,8174,11853,,7235,5338,6106,
2013-10-23,10397,7333,17983,,8356,6697,12843,,5256,4321,6710,
2013-10-24,7326,17380,18206,,6052,14308,12892,,3521,7991,6893,
2013-10-25,17774,18513,18712,,13400,14666,12789,,6986,8074,6977,
2013-10-26,18565,18881,19940,,14261,14816,12140,,8084,8091,6859,
2013-10-27,18730,19367,9576,,14588,14642,6339,,8264,8476,3913,
2013-10-28,19243,22123,7045,,14480,14134,5261,,8340,8698,3086,
2013-10-29,22177,11204,16598,,14574,8245,11631,,8782,5313,6239,
2013-10-30,11244,7266,17811,,8520,6112,12051,,5294,3705,6086,
2013-10-31,8131,17704,19168,,6714,14206,12057,,4406,8401,6725,
2013-11-01,17040,18092,18072,,11025,12640,11001,,5153,6208,5076,
2013-11-02,18123,17673,19608,,13582,13837,12229,,7227,7320,6872,
2013-11-03,17883,18375,9633,,14204,14707,7057,,7631,8055,4405,
2013-11-04,18194,20543,7209,,14504,14910,5792,,8212,9628,3500,
2013-11-05,20294,9961,17061,,14339,8071,12950,,8626,5565,7015,
2013-11-06,9721,7148,17782,,7993,6419,13275,,5270,4325,7041,
2013-11-07,7286,17087,17663,,6654,14585,13549,,4063,8297,7304,
2013-11-08,16825,18480,17981,,14226,15304,13753,,8185,8806,7555,
2013-11-09,18597,10326,18060,,14675,15238,13143,,8092,8919,7527,
2013-11-10,10661,9451,7189,,15232,15475,7190,,9165,9516,4631,
2013-11-11,5850,5942,4748,,7109,7313,5365,,4642,5019,3282,
2013-11-12,8540,6227,5263,,13936,7396,6012,,8402,5009,3906,
2013-11-13,7216,6344,8966,,7671,6270,13052,,5030,3968,6862,
2013-11-14,6926,16983,10721,,6385,14475,13468,,3733,8374,7221,
2013-11-15,16978,17873,16318,,14260,15549,13762,,8019,8919,7200,
2013-11-16,17918,17205,17766,,14830,14829,13328,,8253,8434,7558,
2013-11-17,17864,17746,9572,,14556,15118,7477,,8026,8888,4439,
2013-11-18,17943,18973,6832,,14920,15388,5557,,8491,9391,3167,
2013-11-19,19421,11138,16624,,14661,8496,11990,,8737,5593,5884,
2013-11-20,10572,7020,18166,,7949,6300,13231,,4894,4279,7024,
2013-11-21,7595,17291,17589,,6202,13963,12974,,3620,6827,6629,
2013-11-22,15479,17842,17888,,11750,14581,12839,,5806,8010,6972,
2013-11-23,19555,17943,19738,,13850,15303,12396,,7023,8601,6296,
2013-11-24,19167,17222,10312,,14071,14453,7210,,7340,7997,4541,
2013-11-25,19004,20331,7521,,13592,14827,5738,,6985,9164,3246,
2013-11-26,20508,10108,16799,,14163,8203,12341,,7395,5465,6474,
2013-11-27,10611,6894,17782,,8214,6045,12762,,4858,3758,6530,
2013-11-28,7419,16854,17634,,6101,14101,12337,,3569,8200,6454,
2013-11-29,16813,17553,18033,,13702,14697,12889,,7827,8085,6671,
2013-11-30,17887,17597,19671,,14152,14926,12402,,7678,8598,6866,
2013-12-01,18038,17962,9731,,11593,11184,5549,,5677,5616,3002,
2013-12-02,18659,19432,7325,,13152,12562,4846,,7028,7635,2850,
2013-12-03,19491,9488,16920,,13657,7874,10657,,7519,5107,5752,
2013-12-04,9789,6969,12123,,7943,6427,11808,,4911,3793,6326,
2013-12-05,6693,12381,11773,,6040,13212,11951,,3463,7477,6546,
2013-12-06,13642,12669,12818,,13493,13771,12033,,7276,7795,6473,
2013-12-07,12555,12300,12755,,13821,13735,12070,,7474,7648,7368,
2013-12-08,12230,12669,9611,,13185,13841,7366,,6978,7444,4539,
2013-12-09,13009,13154,6496,,13749,13792,5413,,7369,8108,3090,
2013-12-10,13869,10053,12013,,13861,8129,11973,,7873,4895,6296,
2013-12-11,9944,6805,11427,,7792,6499,12300,,4369,3757,6339,
2013-12-12,6802,12239,11871,,6168,13421,12516,,3252,7670,6322,
2013-12-13,12338,11537,11687,,13214,13700,12118,,7153,7505,6065,
2013-12-14,11249,11628,12180,,13330,13774,12074,,6911,7488,6806,
2013-12-15,11810,11255,8611,,14027,13741,7103,,7342,7540,4032,
2013-12-16,10968,11567,5589,,13762,13358,5389,,7319,8245,3027,
2013-12-17,10445,8544,10569,,13487,8561,11272,,7884,4939,5694,
2013-12-18,7746,5155,10111,,7758,6570,11807,,4445,3756,6028,
2013-12-19,4233,8717,8794,,6322,12276,11170,,3595,5678,5406,
2013-12-20,5490,6124,8586,,11828,12504,11779,,5275,5847,6158,
2013-12-21,4777,5070,6378,,12159,12428,10937,,5401,5786,6304,
2013-12-22,4343,4644,3732,,12223,12085,6914,,5662,5843,3743,
2013-12-23,3827,3877,2639,,11316,11296,5489,,4821,5453,2997,
2013-12-24,2586,2036,2515,,8837,6007,6573,,3600,3153,2970,
2013-12-25,607,581,665,,2358,2296,1756,,1296,1366,866,
2013-12-26,2194,2464,2552,,407,6221,5469,,3737,4282,3856,
2013-12-27,2468,2360,3044,,7001,7031,8144,,4051,3949,3903,
2013-12-28,2768,3089,3382,,8161,9421,8471,,4419,4492,4147,
2013-12-29,3141,3475,2929,,9818,9870,5833,,4778,4812,3086,
2013-12-30,3303,3752,2669,,10111,10111,4709,,4773,5155,2619,
2013-12-31,2549,2271,2450,,7724,5295,5589,,3589,3010,2569,

